{
  "nbformat": 4,
  "nbformat_minor": 0,
  "metadata": {
    "colab": {
      "name": "Ex08.ipynb",
      "version": "0.3.2",
      "provenance": [],
      "collapsed_sections": [],
      "toc_visible": true,
      "include_colab_link": true
    },
    "kernelspec": {
      "name": "python3",
      "display_name": "Python 3"
    }
  },
  "cells": [
    {
      "cell_type": "markdown",
      "metadata": {
        "id": "view-in-github",
        "colab_type": "text"
      },
      "source": [
        "<a href=\"https://colab.research.google.com/github/nilesh0109/ML_SoSe19/blob/master/Ex08.ipynb\" target=\"_parent\"><img src=\"https://colab.research.google.com/assets/colab-badge.svg\" alt=\"Open In Colab\"/></a>"
      ]
    },
    {
      "cell_type": "code",
      "metadata": {
        "id": "8hcqeZr2j_fJ",
        "colab_type": "code",
        "colab": {}
      },
      "source": [
        "import numpy as np"
      ],
      "execution_count": 0,
      "outputs": []
    },
    {
      "cell_type": "markdown",
      "metadata": {
        "id": "fx89tDHf_D0t",
        "colab_type": "text"
      },
      "source": [
        "# N x N Grid world"
      ]
    },
    {
      "cell_type": "code",
      "metadata": {
        "id": "GvKeYkBK4Jux",
        "colab_type": "code",
        "colab": {}
      },
      "source": [
        "class Environment:\n",
        "  \n",
        "  \n",
        "  actions = ['left', 'right', 'up', 'down']\n",
        "  \n",
        "  def __init__(self, grid_size=(4,4)):\n",
        "    self.grid_size = grid_size \n",
        "    self.s = np.arange(self.grid_size[0] * self.grid_size[1])\n",
        "    self.v = np.zeros(self.grid_size)\n",
        "    self.terminal_state_indices = [self.s[0], self.s[-1]]\n",
        "    # we are considering a random policy i.e. uniform probablity for each action\n",
        "  \n",
        "  def isTerminalState(self, state_index):\n",
        "    return state_index in self.terminal_state_indices\n",
        "    \n",
        "  def step(self, state_index, action_index):\n",
        "    num_rows, num_cols = self.grid_size\n",
        "    if state_index % num_cols == 0 and self.actions[action_index] == 'left':\n",
        "      return state_index, 0\n",
        "    elif (state_index + 1) % num_cols == 0 and self.actions[action_index] == 'right':\n",
        "      return state_index, 0\n",
        "    elif state_index + 1 < num_cols and self.actions[action_index] == 'up':\n",
        "      return state_index, 0\n",
        "    elif state_index + 1 > (num_rows - 1) * num_cols and self.actions[action_index] == 'down':\n",
        "      return state_index, 0\n",
        "    else:      \n",
        "      getNextState = {\n",
        "          'left': -1,\n",
        "          'right': 1,\n",
        "          'up': -num_cols,\n",
        "          'down': num_cols\n",
        "      }\n",
        "      next_state = getNextState[self.actions[action_index]] + state_index\n",
        "      reward = -1 \n",
        "      return next_state,reward\n",
        "   \n",
        "  def update_vtable(self, state_index): \n",
        "    num_rows, num_cols = self.grid_size\n",
        "    num_valid_actions = 0\n",
        "    v_sum = 0\n",
        "    for action_index in np.arange(len(self.actions)):\n",
        "      next_state, reward = self.step(state_index, action_index)\n",
        "      if next_state == state_index:\n",
        "        #it means the agent went outside the grid so this action is not possible\n",
        "        continue\n",
        "        \n",
        "      v_sum += reward + self.v[int(next_state/num_rows), next_state%num_rows]\n",
        "      num_valid_actions += 1\n",
        "      # counting the number of valid actions to get the correct expectation value\n",
        "    return np.round((1/num_valid_actions) * v_sum, 1)\n",
        "      \n",
        "      \n",
        "  \n",
        "  def run_iterative_Policy_Eval(self, num_iterations):\n",
        "    self.v_copy = np.zeros((num_iterations, self.v.shape[0], self.v.shape[1]))\n",
        "    for i in range(num_iterations):\n",
        "      for state_ind in self.s:\n",
        "        v_row_index, v_col_index = int(state_ind/self.grid_size[0]) , state_ind % self.grid_size[0]\n",
        "        if not self.isTerminalState(state_ind):\n",
        "          self.v_copy[i, v_row_index, v_col_index] = self.update_vtable(state_ind)\n",
        "      self.v = self.v_copy[i]"
      ],
      "execution_count": 0,
      "outputs": []
    },
    {
      "cell_type": "markdown",
      "metadata": {
        "id": "FUeShhC3AM9d",
        "colab_type": "text"
      },
      "source": [
        "# 4 X 4 Grid Environment"
      ]
    },
    {
      "cell_type": "code",
      "metadata": {
        "id": "iDwWH9bq4p7U",
        "colab_type": "code",
        "colab": {}
      },
      "source": [
        "A = Environment()"
      ],
      "execution_count": 0,
      "outputs": []
    },
    {
      "cell_type": "code",
      "metadata": {
        "id": "rdeQyGDz7aSa",
        "colab_type": "code",
        "outputId": "ff53d4ec-91e0-4802-9eb2-6279e63a5d33",
        "colab": {
          "base_uri": "https://localhost:8080/",
          "height": 204
        }
      },
      "source": [
        "print('Num States')\n",
        "print(A.s)\n",
        "print('termainal States')\n",
        "print(A.terminal_state_indices)\n",
        "print('Num Actions')\n",
        "print(A.actions)\n",
        "print('initial Value function')\n",
        "A.v"
      ],
      "execution_count": 4,
      "outputs": [
        {
          "output_type": "stream",
          "text": [
            "Num States\n",
            "[ 0  1  2  3  4  5  6  7  8  9 10 11 12 13 14 15]\n",
            "termainal States\n",
            "[0, 15]\n",
            "Num Actions\n",
            "['left', 'right', 'up', 'down']\n",
            "initial Value function\n"
          ],
          "name": "stdout"
        },
        {
          "output_type": "execute_result",
          "data": {
            "text/plain": [
              "array([[0., 0., 0., 0.],\n",
              "       [0., 0., 0., 0.],\n",
              "       [0., 0., 0., 0.],\n",
              "       [0., 0., 0., 0.]])"
            ]
          },
          "metadata": {
            "tags": []
          },
          "execution_count": 4
        }
      ]
    },
    {
      "cell_type": "code",
      "metadata": {
        "id": "iU3uEGZQ5SXy",
        "colab_type": "code",
        "colab": {}
      },
      "source": [
        "A.run_iterative_Policy_Eval(5)"
      ],
      "execution_count": 0,
      "outputs": []
    },
    {
      "cell_type": "code",
      "metadata": {
        "id": "1GZRqZuL7uNE",
        "colab_type": "code",
        "outputId": "c17287b1-5e4e-4472-900f-24e7a6f282aa",
        "colab": {
          "base_uri": "https://localhost:8080/",
          "height": 102
        }
      },
      "source": [
        "print('Final Value function')\n",
        "A.v"
      ],
      "execution_count": 6,
      "outputs": [
        {
          "output_type": "stream",
          "text": [
            "Final Value function\n"
          ],
          "name": "stdout"
        },
        {
          "output_type": "execute_result",
          "data": {
            "text/plain": [
              "array([[ 0. , -3.5, -4.5, -4.8],\n",
              "       [-3.5, -4.4, -4.7, -4.5],\n",
              "       [-4.5, -4.7, -4.4, -3.5],\n",
              "       [-4.8, -4.5, -3.5,  0. ]])"
            ]
          },
          "metadata": {
            "tags": []
          },
          "execution_count": 6
        }
      ]
    },
    {
      "cell_type": "code",
      "metadata": {
        "id": "PuAm27hQ9uT6",
        "colab_type": "code",
        "outputId": "3507ec2a-2172-437a-e8d0-f5d5ece70c35",
        "colab": {
          "base_uri": "https://localhost:8080/",
          "height": 442
        }
      },
      "source": [
        "for i in range(A.v_copy.shape[0]):\n",
        "  print('----- Value Iteration after step ',i, '-------------------')\n",
        "  print(A.v_copy[i])"
      ],
      "execution_count": 7,
      "outputs": [
        {
          "output_type": "stream",
          "text": [
            "----- Value Iteration after step  0 -------------------\n",
            "[[ 0. -1. -1. -1.]\n",
            " [-1. -1. -1. -1.]\n",
            " [-1. -1. -1. -1.]\n",
            " [-1. -1. -1.  0.]]\n",
            "----- Value Iteration after step  1 -------------------\n",
            "[[ 0.  -1.7 -2.  -2. ]\n",
            " [-1.7 -2.  -2.  -2. ]\n",
            " [-2.  -2.  -2.  -1.7]\n",
            " [-2.  -2.  -1.7  0. ]]\n",
            "----- Value Iteration after step  2 -------------------\n",
            "[[ 0.  -2.3 -2.9 -3. ]\n",
            " [-2.3 -2.8 -3.  -2.9]\n",
            " [-2.9 -3.  -2.8 -2.3]\n",
            " [-3.  -2.9 -2.3  0. ]]\n",
            "----- Value Iteration after step  3 -------------------\n",
            "[[ 0.  -2.9 -3.8 -3.9]\n",
            " [-2.9 -3.6 -3.8 -3.8]\n",
            " [-3.8 -3.8 -3.6 -2.9]\n",
            " [-3.9 -3.8 -2.9  0. ]]\n",
            "----- Value Iteration after step  4 -------------------\n",
            "[[ 0.  -3.5 -4.5 -4.8]\n",
            " [-3.5 -4.4 -4.7 -4.5]\n",
            " [-4.5 -4.7 -4.4 -3.5]\n",
            " [-4.8 -4.5 -3.5  0. ]]\n"
          ],
          "name": "stdout"
        }
      ]
    },
    {
      "cell_type": "code",
      "metadata": {
        "id": "oJnYV0py_SzO",
        "colab_type": "code",
        "colab": {}
      },
      "source": [
        "def getArrows(A, row_index, col_index):\n",
        "  neighbours = np.array([-10000, -10000, -10000, -10000], dtype=np.float32)\n",
        "  arrows = ''\n",
        "  num_rows, num_cols = A.shape\n",
        "\n",
        "  if col_index - 1 >= 0:\n",
        "    neighbours[0] = A[row_index, col_index - 1]\n",
        "  if row_index - 1 >= 0:\n",
        "    neighbours[1] = A[row_index - 1, col_index]\n",
        "  if row_index + 1 < num_rows:\n",
        "    neighbours[2] = A[row_index + 1, col_index]\n",
        "  if col_index + 1 < num_cols:\n",
        "    neighbours[3] = A[row_index, col_index + 1]\n",
        "\n",
        "  max_indices = np.argwhere(neighbours == neighbours.max())\n",
        "  \n",
        "  if 0 in max_indices:\n",
        "    arrows += '←'\n",
        "  if 1 in max_indices:\n",
        "    if 2 in max_indices:\n",
        "      arrows += '↕'\n",
        "    else:\n",
        "      arrows += '↑'\n",
        "  elif 2 in max_indices:\n",
        "    arrows += '↓'\n",
        "  \n",
        "  if 3 in max_indices:\n",
        "    arrows += '→'\n",
        "  return arrows\n",
        "    \n",
        "def showGreedyAction(A):\n",
        "  action_matrix = np.full(A.shape, '')\n",
        "  print(action_matrix.dtype)\n",
        "  for i in range(A.shape[0]):\n",
        "    for j in range(A.shape[1]):\n",
        "      action_matrix[i,j] = getArrows(A, i, j)\n",
        "  return action_matrix\n",
        "  "
      ],
      "execution_count": 0,
      "outputs": []
    },
    {
      "cell_type": "markdown",
      "metadata": {
        "id": "gqxPc3EHJd1q",
        "colab_type": "text"
      },
      "source": [
        "**Printing the optimal action policy**"
      ]
    },
    {
      "cell_type": "code",
      "metadata": {
        "id": "tt5PK674_ygl",
        "colab_type": "code",
        "outputId": "5115bc6b-0dec-4b98-f695-efb833b536fa",
        "colab": {
          "base_uri": "https://localhost:8080/",
          "height": 170
        }
      },
      "source": [
        "print(A.v)\n",
        "print(showGreedyAction(A.v))"
      ],
      "execution_count": 9,
      "outputs": [
        {
          "output_type": "stream",
          "text": [
            "[[ 0.  -3.5 -4.5 -4.8]\n",
            " [-3.5 -4.4 -4.7 -4.5]\n",
            " [-4.5 -4.7 -4.4 -3.5]\n",
            " [-4.8 -4.5 -3.5  0. ]]\n",
            "<U1\n",
            "[['↓' '←' '←' '←']\n",
            " ['↑' '←' '←' '↓']\n",
            " ['↑' '↑' '↓' '↓']\n",
            " ['↑' '→' '→' '←']]\n"
          ],
          "name": "stdout"
        }
      ]
    },
    {
      "cell_type": "markdown",
      "metadata": {
        "id": "Ntm3zL0QATWb",
        "colab_type": "text"
      },
      "source": [
        "# 10 x 10 Grid Experiment"
      ]
    },
    {
      "cell_type": "code",
      "metadata": {
        "id": "SqhrtIFOAW7C",
        "colab_type": "code",
        "colab": {}
      },
      "source": [
        "B = Environment(grid_size= (10,10))"
      ],
      "execution_count": 0,
      "outputs": []
    },
    {
      "cell_type": "code",
      "metadata": {
        "id": "CLbiIHQtAdbo",
        "colab_type": "code",
        "outputId": "3ed06195-074b-41a8-bc8b-382b17217c99",
        "colab": {
          "base_uri": "https://localhost:8080/",
          "height": 374
        }
      },
      "source": [
        "print('Num States')\n",
        "print(B.s)\n",
        "print('termainal States')\n",
        "print(B.terminal_state_indices)\n",
        "print('Num Actions')\n",
        "print(B.actions)\n",
        "print('initial Value function')\n",
        "B.v"
      ],
      "execution_count": 11,
      "outputs": [
        {
          "output_type": "stream",
          "text": [
            "Num States\n",
            "[ 0  1  2  3  4  5  6  7  8  9 10 11 12 13 14 15 16 17 18 19 20 21 22 23\n",
            " 24 25 26 27 28 29 30 31 32 33 34 35 36 37 38 39 40 41 42 43 44 45 46 47\n",
            " 48 49 50 51 52 53 54 55 56 57 58 59 60 61 62 63 64 65 66 67 68 69 70 71\n",
            " 72 73 74 75 76 77 78 79 80 81 82 83 84 85 86 87 88 89 90 91 92 93 94 95\n",
            " 96 97 98 99]\n",
            "termainal States\n",
            "[0, 99]\n",
            "Num Actions\n",
            "['left', 'right', 'up', 'down']\n",
            "initial Value function\n"
          ],
          "name": "stdout"
        },
        {
          "output_type": "execute_result",
          "data": {
            "text/plain": [
              "array([[0., 0., 0., 0., 0., 0., 0., 0., 0., 0.],\n",
              "       [0., 0., 0., 0., 0., 0., 0., 0., 0., 0.],\n",
              "       [0., 0., 0., 0., 0., 0., 0., 0., 0., 0.],\n",
              "       [0., 0., 0., 0., 0., 0., 0., 0., 0., 0.],\n",
              "       [0., 0., 0., 0., 0., 0., 0., 0., 0., 0.],\n",
              "       [0., 0., 0., 0., 0., 0., 0., 0., 0., 0.],\n",
              "       [0., 0., 0., 0., 0., 0., 0., 0., 0., 0.],\n",
              "       [0., 0., 0., 0., 0., 0., 0., 0., 0., 0.],\n",
              "       [0., 0., 0., 0., 0., 0., 0., 0., 0., 0.],\n",
              "       [0., 0., 0., 0., 0., 0., 0., 0., 0., 0.]])"
            ]
          },
          "metadata": {
            "tags": []
          },
          "execution_count": 11
        }
      ]
    },
    {
      "cell_type": "code",
      "metadata": {
        "id": "yRqBr3pmAlZB",
        "colab_type": "code",
        "colab": {}
      },
      "source": [
        "B.run_iterative_Policy_Eval(25)"
      ],
      "execution_count": 0,
      "outputs": []
    },
    {
      "cell_type": "code",
      "metadata": {
        "id": "VtYGPytXApDG",
        "colab_type": "code",
        "outputId": "bfaaf418-983d-45de-9c01-e0b9da792f33",
        "colab": {
          "base_uri": "https://localhost:8080/",
          "height": 374
        }
      },
      "source": [
        "print('Final Value function')\n",
        "B.v"
      ],
      "execution_count": 13,
      "outputs": [
        {
          "output_type": "stream",
          "text": [
            "Final Value function\n"
          ],
          "name": "stdout"
        },
        {
          "output_type": "execute_result",
          "data": {
            "text/plain": [
              "array([[  0. , -12.3, -18.4, -21.6, -23.3, -24.2, -24.6, -24.9, -25. ,\n",
              "        -25. ],\n",
              "       [-12.3, -16.7, -20.2, -22.4, -23.7, -24.4, -24.7, -24.8, -25. ,\n",
              "        -25. ],\n",
              "       [-18.4, -20.2, -22. , -23.2, -24. , -24.5, -24.7, -24.8, -24.8,\n",
              "        -24.9],\n",
              "       [-21.6, -22.4, -23.2, -23.9, -24.4, -24.6, -24.8, -24.7, -24.7,\n",
              "        -24.6],\n",
              "       [-23.3, -23.6, -24. , -24.4, -24.6, -24.7, -24.6, -24.5, -24.4,\n",
              "        -24.2],\n",
              "       [-24.1, -24.4, -24.5, -24.6, -24.7, -24.5, -24.4, -24.1, -23.6,\n",
              "        -23.3],\n",
              "       [-24.6, -24.6, -24.7, -24.7, -24.6, -24.4, -23.9, -23.2, -22.4,\n",
              "        -21.6],\n",
              "       [-24.8, -24.8, -24.8, -24.7, -24.5, -24. , -23.2, -22. , -20.2,\n",
              "        -18.4],\n",
              "       [-25. , -24.9, -24.8, -24.6, -24.3, -23.6, -22.4, -20.2, -16.7,\n",
              "        -12.3],\n",
              "       [-25. , -25. , -24.8, -24.6, -24.1, -23.3, -21.6, -18.4, -12.3,\n",
              "          0. ]])"
            ]
          },
          "metadata": {
            "tags": []
          },
          "execution_count": 13
        }
      ]
    },
    {
      "cell_type": "code",
      "metadata": {
        "id": "gcqfR3CJAtuz",
        "colab_type": "code",
        "outputId": "487aa48d-5ca2-4a2f-85fc-b1cb3b8ef5b9",
        "colab": {
          "base_uri": "https://localhost:8080/",
          "height": 1000
        }
      },
      "source": [
        "for i in range(B.v_copy.shape[0]):\n",
        "  print('----- Value Iteration after step ',i, '-------------------')\n",
        "  print(B.v_copy[i])"
      ],
      "execution_count": 14,
      "outputs": [
        {
          "output_type": "stream",
          "text": [
            "----- Value Iteration after step  0 -------------------\n",
            "[[ 0. -1. -1. -1. -1. -1. -1. -1. -1. -1.]\n",
            " [-1. -1. -1. -1. -1. -1. -1. -1. -1. -1.]\n",
            " [-1. -1. -1. -1. -1. -1. -1. -1. -1. -1.]\n",
            " [-1. -1. -1. -1. -1. -1. -1. -1. -1. -1.]\n",
            " [-1. -1. -1. -1. -1. -1. -1. -1. -1. -1.]\n",
            " [-1. -1. -1. -1. -1. -1. -1. -1. -1. -1.]\n",
            " [-1. -1. -1. -1. -1. -1. -1. -1. -1. -1.]\n",
            " [-1. -1. -1. -1. -1. -1. -1. -1. -1. -1.]\n",
            " [-1. -1. -1. -1. -1. -1. -1. -1. -1. -1.]\n",
            " [-1. -1. -1. -1. -1. -1. -1. -1. -1.  0.]]\n",
            "----- Value Iteration after step  1 -------------------\n",
            "[[ 0.  -1.7 -2.  -2.  -2.  -2.  -2.  -2.  -2.  -2. ]\n",
            " [-1.7 -2.  -2.  -2.  -2.  -2.  -2.  -2.  -2.  -2. ]\n",
            " [-2.  -2.  -2.  -2.  -2.  -2.  -2.  -2.  -2.  -2. ]\n",
            " [-2.  -2.  -2.  -2.  -2.  -2.  -2.  -2.  -2.  -2. ]\n",
            " [-2.  -2.  -2.  -2.  -2.  -2.  -2.  -2.  -2.  -2. ]\n",
            " [-2.  -2.  -2.  -2.  -2.  -2.  -2.  -2.  -2.  -2. ]\n",
            " [-2.  -2.  -2.  -2.  -2.  -2.  -2.  -2.  -2.  -2. ]\n",
            " [-2.  -2.  -2.  -2.  -2.  -2.  -2.  -2.  -2.  -2. ]\n",
            " [-2.  -2.  -2.  -2.  -2.  -2.  -2.  -2.  -2.  -1.7]\n",
            " [-2.  -2.  -2.  -2.  -2.  -2.  -2.  -2.  -1.7  0. ]]\n",
            "----- Value Iteration after step  2 -------------------\n",
            "[[ 0.  -2.3 -2.9 -3.  -3.  -3.  -3.  -3.  -3.  -3. ]\n",
            " [-2.3 -2.8 -3.  -3.  -3.  -3.  -3.  -3.  -3.  -3. ]\n",
            " [-2.9 -3.  -3.  -3.  -3.  -3.  -3.  -3.  -3.  -3. ]\n",
            " [-3.  -3.  -3.  -3.  -3.  -3.  -3.  -3.  -3.  -3. ]\n",
            " [-3.  -3.  -3.  -3.  -3.  -3.  -3.  -3.  -3.  -3. ]\n",
            " [-3.  -3.  -3.  -3.  -3.  -3.  -3.  -3.  -3.  -3. ]\n",
            " [-3.  -3.  -3.  -3.  -3.  -3.  -3.  -3.  -3.  -3. ]\n",
            " [-3.  -3.  -3.  -3.  -3.  -3.  -3.  -3.  -3.  -2.9]\n",
            " [-3.  -3.  -3.  -3.  -3.  -3.  -3.  -3.  -2.8 -2.3]\n",
            " [-3.  -3.  -3.  -3.  -3.  -3.  -3.  -2.9 -2.3  0. ]]\n",
            "----- Value Iteration after step  3 -------------------\n",
            "[[ 0.  -2.9 -3.8 -4.  -4.  -4.  -4.  -4.  -4.  -4. ]\n",
            " [-2.9 -3.6 -3.9 -4.  -4.  -4.  -4.  -4.  -4.  -4. ]\n",
            " [-3.8 -3.9 -4.  -4.  -4.  -4.  -4.  -4.  -4.  -4. ]\n",
            " [-4.  -4.  -4.  -4.  -4.  -4.  -4.  -4.  -4.  -4. ]\n",
            " [-4.  -4.  -4.  -4.  -4.  -4.  -4.  -4.  -4.  -4. ]\n",
            " [-4.  -4.  -4.  -4.  -4.  -4.  -4.  -4.  -4.  -4. ]\n",
            " [-4.  -4.  -4.  -4.  -4.  -4.  -4.  -4.  -4.  -4. ]\n",
            " [-4.  -4.  -4.  -4.  -4.  -4.  -4.  -4.  -3.9 -3.8]\n",
            " [-4.  -4.  -4.  -4.  -4.  -4.  -4.  -3.9 -3.6 -2.9]\n",
            " [-4.  -4.  -4.  -4.  -4.  -4.  -4.  -3.8 -2.9  0. ]]\n",
            "----- Value Iteration after step  4 -------------------\n",
            "[[ 0.  -3.5 -4.6 -4.9 -5.  -5.  -5.  -5.  -5.  -5. ]\n",
            " [-3.5 -4.4 -4.8 -5.  -5.  -5.  -5.  -5.  -5.  -5. ]\n",
            " [-4.6 -4.8 -5.  -5.  -5.  -5.  -5.  -5.  -5.  -5. ]\n",
            " [-4.9 -5.  -5.  -5.  -5.  -5.  -5.  -5.  -5.  -5. ]\n",
            " [-5.  -5.  -5.  -5.  -5.  -5.  -5.  -5.  -5.  -5. ]\n",
            " [-5.  -5.  -5.  -5.  -5.  -5.  -5.  -5.  -5.  -5. ]\n",
            " [-5.  -5.  -5.  -5.  -5.  -5.  -5.  -5.  -5.  -4.9]\n",
            " [-5.  -5.  -5.  -5.  -5.  -5.  -5.  -5.  -4.8 -4.6]\n",
            " [-5.  -5.  -5.  -5.  -5.  -5.  -5.  -4.8 -4.4 -3.5]\n",
            " [-5.  -5.  -5.  -5.  -5.  -5.  -4.9 -4.6 -3.5  0. ]]\n",
            "----- Value Iteration after step  5 -------------------\n",
            "[[ 0.  -4.  -5.4 -5.9 -6.  -6.  -6.  -6.  -6.  -6. ]\n",
            " [-4.  -5.2 -5.8 -5.9 -6.  -6.  -6.  -6.  -6.  -6. ]\n",
            " [-5.4 -5.8 -5.9 -6.  -6.  -6.  -6.  -6.  -6.  -6. ]\n",
            " [-5.9 -5.9 -6.  -6.  -6.  -6.  -6.  -6.  -6.  -6. ]\n",
            " [-6.  -6.  -6.  -6.  -6.  -6.  -6.  -6.  -6.  -6. ]\n",
            " [-6.  -6.  -6.  -6.  -6.  -6.  -6.  -6.  -6.  -6. ]\n",
            " [-6.  -6.  -6.  -6.  -6.  -6.  -6.  -6.  -5.9 -5.9]\n",
            " [-6.  -6.  -6.  -6.  -6.  -6.  -6.  -5.9 -5.8 -5.4]\n",
            " [-6.  -6.  -6.  -6.  -6.  -6.  -5.9 -5.8 -5.2 -4. ]\n",
            " [-6.  -6.  -6.  -6.  -6.  -6.  -5.9 -5.4 -4.   0. ]]\n",
            "----- Value Iteration after step  6 -------------------\n",
            "[[ 0.  -4.5 -6.2 -6.8 -7.  -7.  -7.  -7.  -7.  -7. ]\n",
            " [-4.5 -5.9 -6.6 -6.9 -7.  -7.  -7.  -7.  -7.  -7. ]\n",
            " [-6.2 -6.6 -6.9 -7.  -7.  -7.  -7.  -7.  -7.  -7. ]\n",
            " [-6.8 -6.9 -7.  -7.  -7.  -7.  -7.  -7.  -7.  -7. ]\n",
            " [-7.  -7.  -7.  -7.  -7.  -7.  -7.  -7.  -7.  -7. ]\n",
            " [-7.  -7.  -7.  -7.  -7.  -7.  -7.  -7.  -7.  -7. ]\n",
            " [-7.  -7.  -7.  -7.  -7.  -7.  -7.  -7.  -6.9 -6.8]\n",
            " [-7.  -7.  -7.  -7.  -7.  -7.  -7.  -6.9 -6.6 -6.2]\n",
            " [-7.  -7.  -7.  -7.  -7.  -7.  -6.9 -6.6 -5.9 -4.5]\n",
            " [-7.  -7.  -7.  -7.  -7.  -7.  -6.8 -6.2 -4.5  0. ]]\n",
            "----- Value Iteration after step  7 -------------------\n",
            "[[ 0.  -5.  -7.  -7.7 -7.9 -8.  -8.  -8.  -8.  -8. ]\n",
            " [-5.  -6.6 -7.5 -7.8 -8.  -8.  -8.  -8.  -8.  -8. ]\n",
            " [-7.  -7.5 -7.8 -8.  -8.  -8.  -8.  -8.  -8.  -8. ]\n",
            " [-7.7 -7.8 -8.  -8.  -8.  -8.  -8.  -8.  -8.  -8. ]\n",
            " [-7.9 -8.  -8.  -8.  -8.  -8.  -8.  -8.  -8.  -8. ]\n",
            " [-8.  -8.  -8.  -8.  -8.  -8.  -8.  -8.  -8.  -7.9]\n",
            " [-8.  -8.  -8.  -8.  -8.  -8.  -8.  -8.  -7.8 -7.7]\n",
            " [-8.  -8.  -8.  -8.  -8.  -8.  -8.  -7.8 -7.5 -7. ]\n",
            " [-8.  -8.  -8.  -8.  -8.  -8.  -7.8 -7.5 -6.6 -5. ]\n",
            " [-8.  -8.  -8.  -8.  -8.  -7.9 -7.7 -7.  -5.   0. ]]\n",
            "----- Value Iteration after step  8 -------------------\n",
            "[[ 0.  -5.5 -7.7 -8.6 -8.9 -9.  -9.  -9.  -9.  -9. ]\n",
            " [-5.5 -7.2 -8.3 -8.8 -8.9 -9.  -9.  -9.  -9.  -9. ]\n",
            " [-7.7 -8.3 -8.8 -8.9 -9.  -9.  -9.  -9.  -9.  -9. ]\n",
            " [-8.6 -8.8 -8.9 -9.  -9.  -9.  -9.  -9.  -9.  -9. ]\n",
            " [-8.9 -8.9 -9.  -9.  -9.  -9.  -9.  -9.  -9.  -9. ]\n",
            " [-9.  -9.  -9.  -9.  -9.  -9.  -9.  -9.  -8.9 -8.9]\n",
            " [-9.  -9.  -9.  -9.  -9.  -9.  -9.  -8.9 -8.8 -8.6]\n",
            " [-9.  -9.  -9.  -9.  -9.  -9.  -8.9 -8.8 -8.3 -7.7]\n",
            " [-9.  -9.  -9.  -9.  -9.  -8.9 -8.8 -8.3 -7.2 -5.5]\n",
            " [-9.  -9.  -9.  -9.  -9.  -8.9 -8.6 -7.7 -5.5  0. ]]\n",
            "----- Value Iteration after step  9 -------------------\n",
            "[[  0.   -6.   -8.5  -9.5  -9.8 -10.  -10.  -10.  -10.  -10. ]\n",
            " [ -6.   -7.9  -9.1  -9.7  -9.9 -10.  -10.  -10.  -10.  -10. ]\n",
            " [ -8.5  -9.1  -9.6  -9.9 -10.  -10.  -10.  -10.  -10.  -10. ]\n",
            " [ -9.5  -9.7  -9.9 -10.  -10.  -10.  -10.  -10.  -10.  -10. ]\n",
            " [ -9.8  -9.9 -10.  -10.  -10.  -10.  -10.  -10.  -10.  -10. ]\n",
            " [-10.  -10.  -10.  -10.  -10.  -10.  -10.  -10.   -9.9  -9.8]\n",
            " [-10.  -10.  -10.  -10.  -10.  -10.  -10.   -9.9  -9.7  -9.5]\n",
            " [-10.  -10.  -10.  -10.  -10.  -10.   -9.9  -9.6  -9.1  -8.5]\n",
            " [-10.  -10.  -10.  -10.  -10.   -9.9  -9.7  -9.1  -7.9  -6. ]\n",
            " [-10.  -10.  -10.  -10.  -10.   -9.8  -9.5  -8.5  -6.    0. ]]\n",
            "----- Value Iteration after step  10 -------------------\n",
            "[[  0.   -6.5  -9.2 -10.3 -10.8 -10.9 -11.  -11.  -11.  -11. ]\n",
            " [ -6.5  -8.6  -9.9 -10.6 -10.9 -11.  -11.  -11.  -11.  -11. ]\n",
            " [ -9.2  -9.9 -10.5 -10.8 -11.  -11.  -11.  -11.  -11.  -11. ]\n",
            " [-10.3 -10.6 -10.8 -11.  -11.  -11.  -11.  -11.  -11.  -11. ]\n",
            " [-10.8 -10.9 -11.  -11.  -11.  -11.  -11.  -11.  -11.  -10.9]\n",
            " [-10.9 -11.  -11.  -11.  -11.  -11.  -11.  -11.  -10.9 -10.8]\n",
            " [-11.  -11.  -11.  -11.  -11.  -11.  -11.  -10.8 -10.6 -10.3]\n",
            " [-11.  -11.  -11.  -11.  -11.  -11.  -10.8 -10.5  -9.9  -9.2]\n",
            " [-11.  -11.  -11.  -11.  -11.  -10.9 -10.6  -9.9  -8.6  -6.5]\n",
            " [-11.  -11.  -11.  -11.  -10.9 -10.8 -10.3  -9.2  -6.5   0. ]]\n",
            "----- Value Iteration after step  11 -------------------\n",
            "[[  0.   -6.9  -9.9 -11.2 -11.7 -11.9 -12.  -12.  -12.  -12. ]\n",
            " [ -6.9  -9.2 -10.7 -11.5 -11.9 -12.  -12.  -12.  -12.  -12. ]\n",
            " [ -9.9 -10.7 -11.4 -11.8 -11.9 -12.  -12.  -12.  -12.  -12. ]\n",
            " [-11.2 -11.5 -11.8 -11.9 -12.  -12.  -12.  -12.  -12.  -12. ]\n",
            " [-11.7 -11.8 -11.9 -12.  -12.  -12.  -12.  -12.  -12.  -11.9]\n",
            " [-11.9 -12.  -12.  -12.  -12.  -12.  -12.  -11.9 -11.8 -11.7]\n",
            " [-12.  -12.  -12.  -12.  -12.  -12.  -11.9 -11.8 -11.5 -11.2]\n",
            " [-12.  -12.  -12.  -12.  -12.  -11.9 -11.8 -11.4 -10.7  -9.9]\n",
            " [-12.  -12.  -12.  -12.  -12.  -11.9 -11.5 -10.7  -9.2  -6.9]\n",
            " [-12.  -12.  -12.  -12.  -11.9 -11.7 -11.2  -9.9  -6.9   0. ]]\n",
            "----- Value Iteration after step  12 -------------------\n",
            "[[  0.   -7.4 -10.6 -12.  -12.7 -12.9 -13.  -13.  -13.  -13. ]\n",
            " [ -7.4  -9.8 -11.5 -12.4 -12.8 -13.  -13.  -13.  -13.  -13. ]\n",
            " [-10.6 -11.5 -12.2 -12.7 -12.9 -13.  -13.  -13.  -13.  -13. ]\n",
            " [-12.  -12.4 -12.7 -12.9 -13.  -13.  -13.  -13.  -13.  -13. ]\n",
            " [-12.6 -12.8 -12.9 -13.  -13.  -13.  -13.  -13.  -12.9 -12.9]\n",
            " [-12.9 -12.9 -13.  -13.  -13.  -13.  -13.  -12.9 -12.8 -12.6]\n",
            " [-13.  -13.  -13.  -13.  -13.  -13.  -12.9 -12.7 -12.4 -12. ]\n",
            " [-13.  -13.  -13.  -13.  -13.  -12.9 -12.7 -12.2 -11.5 -10.6]\n",
            " [-13.  -13.  -13.  -13.  -13.  -12.8 -12.4 -11.5  -9.8  -7.4]\n",
            " [-13.  -13.  -13.  -13.  -12.9 -12.7 -12.  -10.6  -7.4   0. ]]\n",
            "----- Value Iteration after step  13 -------------------\n",
            "[[  0.   -7.8 -11.3 -12.9 -13.6 -13.9 -14.  -14.  -14.  -14. ]\n",
            " [ -7.8 -10.4 -12.2 -13.2 -13.7 -13.9 -14.  -14.  -14.  -14. ]\n",
            " [-11.3 -12.2 -13.1 -13.6 -13.9 -14.  -14.  -14.  -14.  -14. ]\n",
            " [-12.9 -13.2 -13.6 -13.8 -14.  -14.  -14.  -14.  -14.  -14. ]\n",
            " [-13.6 -13.7 -13.9 -14.  -14.  -14.  -14.  -14.  -13.9 -13.8]\n",
            " [-13.8 -13.9 -14.  -14.  -14.  -14.  -14.  -13.9 -13.7 -13.6]\n",
            " [-14.  -14.  -14.  -14.  -14.  -14.  -13.8 -13.6 -13.2 -12.9]\n",
            " [-14.  -14.  -14.  -14.  -14.  -13.9 -13.6 -13.1 -12.2 -11.3]\n",
            " [-14.  -14.  -14.  -14.  -13.9 -13.8 -13.2 -12.3 -10.4  -7.8]\n",
            " [-14.  -14.  -14.  -14.  -13.9 -13.6 -12.9 -11.3  -7.8   0. ]]\n",
            "----- Value Iteration after step  14 -------------------\n",
            "[[  0.   -8.2 -12.  -13.7 -14.5 -14.8 -15.  -15.  -15.  -15. ]\n",
            " [ -8.2 -11.  -13.  -14.1 -14.6 -14.9 -15.  -15.  -15.  -15. ]\n",
            " [-12.  -13.  -13.9 -14.5 -14.8 -15.  -15.  -15.  -15.  -15. ]\n",
            " [-13.7 -14.1 -14.5 -14.8 -14.9 -15.  -15.  -15.  -15.  -14.9]\n",
            " [-14.5 -14.6 -14.8 -14.9 -15.  -15.  -15.  -15.  -14.9 -14.8]\n",
            " [-14.8 -14.9 -15.  -15.  -15.  -15.  -14.9 -14.8 -14.6 -14.5]\n",
            " [-14.9 -15.  -15.  -15.  -15.  -14.9 -14.8 -14.5 -14.1 -13.7]\n",
            " [-15.  -15.  -15.  -15.  -15.  -14.8 -14.5 -13.9 -13.  -12. ]\n",
            " [-15.  -15.  -15.  -15.  -14.9 -14.6 -14.2 -13.  -11.   -8.2]\n",
            " [-15.  -15.  -15.  -15.  -14.8 -14.5 -13.7 -12.   -8.2   0. ]]\n",
            "----- Value Iteration after step  15 -------------------\n",
            "[[  0.   -8.7 -12.6 -14.5 -15.4 -15.8 -15.9 -16.  -16.  -16. ]\n",
            " [ -8.7 -11.6 -13.8 -15.  -15.6 -15.8 -16.  -16.  -16.  -16. ]\n",
            " [-12.6 -13.8 -14.8 -15.4 -15.8 -15.9 -16.  -16.  -16.  -16. ]\n",
            " [-14.5 -15.  -15.4 -15.7 -15.9 -16.  -16.  -16.  -16.  -15.9]\n",
            " [-15.4 -15.6 -15.8 -15.9 -16.  -16.  -16.  -15.9 -15.8 -15.8]\n",
            " [-15.8 -15.8 -15.9 -16.  -16.  -16.  -15.9 -15.8 -15.6 -15.4]\n",
            " [-15.9 -16.  -16.  -16.  -16.  -15.9 -15.7 -15.4 -15.  -14.5]\n",
            " [-16.  -16.  -16.  -16.  -15.9 -15.8 -15.4 -14.8 -13.8 -12.6]\n",
            " [-16.  -16.  -16.  -16.  -15.8 -15.6 -15.  -13.8 -11.6  -8.7]\n",
            " [-16.  -16.  -16.  -15.9 -15.8 -15.4 -14.6 -12.6  -8.7   0. ]]\n",
            "----- Value Iteration after step  16 -------------------\n",
            "[[  0.   -9.1 -13.3 -15.3 -16.3 -16.7 -16.9 -17.  -17.  -17. ]\n",
            " [ -9.1 -12.2 -14.5 -15.8 -16.5 -16.8 -16.9 -17.  -17.  -17. ]\n",
            " [-13.3 -14.5 -15.6 -16.3 -16.7 -16.9 -17.  -17.  -17.  -17. ]\n",
            " [-15.3 -15.8 -16.3 -16.6 -16.9 -17.  -17.  -17.  -16.9 -16.9]\n",
            " [-16.3 -16.5 -16.7 -16.9 -17.  -17.  -17.  -16.9 -16.8 -16.7]\n",
            " [-16.7 -16.8 -16.9 -17.  -17.  -17.  -16.9 -16.7 -16.5 -16.3]\n",
            " [-16.9 -16.9 -17.  -17.  -17.  -16.9 -16.6 -16.3 -15.8 -15.3]\n",
            " [-17.  -17.  -17.  -17.  -16.9 -16.7 -16.3 -15.6 -14.5 -13.3]\n",
            " [-17.  -17.  -17.  -16.9 -16.8 -16.5 -15.8 -14.5 -12.2  -9.1]\n",
            " [-17.  -17.  -17.  -16.9 -16.7 -16.3 -15.3 -13.4  -9.1   0. ]]\n",
            "----- Value Iteration after step  17 -------------------\n",
            "[[  0.   -9.5 -14.  -16.1 -17.2 -17.7 -17.9 -18.  -18.  -18. ]\n",
            " [ -9.5 -12.8 -15.2 -16.6 -17.4 -17.8 -17.9 -18.  -18.  -18. ]\n",
            " [-14.  -15.2 -16.4 -17.2 -17.6 -17.9 -18.  -18.  -18.  -18. ]\n",
            " [-16.1 -16.6 -17.2 -17.6 -17.8 -18.  -18.  -18.  -17.9 -17.9]\n",
            " [-17.2 -17.4 -17.6 -17.8 -18.  -18.  -18.  -17.9 -17.8 -17.7]\n",
            " [-17.7 -17.8 -17.9 -18.  -18.  -18.  -17.8 -17.6 -17.4 -17.2]\n",
            " [-17.9 -17.9 -18.  -18.  -18.  -17.8 -17.6 -17.2 -16.6 -16.1]\n",
            " [-18.  -18.  -18.  -18.  -17.9 -17.6 -17.2 -16.4 -15.2 -14. ]\n",
            " [-18.  -18.  -18.  -17.9 -17.8 -17.4 -16.6 -15.2 -12.8  -9.5]\n",
            " [-18.  -18.  -18.  -17.9 -17.7 -17.2 -16.2 -14.   -9.5   0. ]]\n",
            "----- Value Iteration after step  18 -------------------\n",
            "[[  0.   -9.9 -14.6 -16.9 -18.1 -18.6 -18.9 -19.  -19.  -19. ]\n",
            " [ -9.9 -13.4 -16.  -17.5 -18.3 -18.7 -18.9 -19.  -19.  -19. ]\n",
            " [-14.6 -16.  -17.2 -18.  -18.6 -18.8 -19.  -19.  -19.  -19. ]\n",
            " [-16.9 -17.5 -18.  -18.5 -18.8 -18.9 -19.  -19.  -18.9 -18.9]\n",
            " [-18.1 -18.3 -18.6 -18.8 -18.9 -19.  -18.9 -18.8 -18.7 -18.6]\n",
            " [-18.6 -18.7 -18.8 -18.9 -19.  -18.9 -18.8 -18.6 -18.3 -18.1]\n",
            " [-18.9 -18.9 -19.  -19.  -18.9 -18.8 -18.5 -18.  -17.5 -16.9]\n",
            " [-19.  -19.  -19.  -19.  -18.8 -18.6 -18.  -17.2 -16.  -14.6]\n",
            " [-19.  -19.  -19.  -18.9 -18.7 -18.3 -17.5 -16.  -13.4  -9.9]\n",
            " [-19.  -19.  -19.  -18.9 -18.6 -18.1 -16.9 -14.6  -9.9   0. ]]\n",
            "----- Value Iteration after step  19 -------------------\n",
            "[[  0.  -10.3 -15.3 -17.7 -18.9 -19.6 -19.8 -20.  -20.  -20. ]\n",
            " [-10.3 -14.  -16.7 -18.3 -19.2 -19.7 -19.9 -20.  -20.  -20. ]\n",
            " [-15.3 -16.7 -18.  -19.  -19.5 -19.8 -19.9 -20.  -20.  -20. ]\n",
            " [-17.7 -18.3 -19.  -19.4 -19.7 -19.9 -20.  -19.9 -19.9 -19.8]\n",
            " [-18.9 -19.2 -19.5 -19.7 -19.9 -19.9 -19.9 -19.8 -19.7 -19.6]\n",
            " [-19.6 -19.6 -19.8 -19.9 -19.9 -19.9 -19.7 -19.5 -19.2 -18.9]\n",
            " [-19.8 -19.9 -19.9 -20.  -19.9 -19.7 -19.4 -19.  -18.3 -17.7]\n",
            " [-20.  -20.  -20.  -19.9 -19.8 -19.5 -19.  -18.  -16.7 -15.3]\n",
            " [-20.  -20.  -20.  -19.9 -19.6 -19.2 -18.3 -16.7 -14.  -10.3]\n",
            " [-20.  -20.  -20.  -19.8 -19.6 -18.9 -17.7 -15.3 -10.3   0. ]]\n",
            "----- Value Iteration after step  20 -------------------\n",
            "[[  0.  -10.8 -15.9 -18.5 -19.8 -20.5 -20.8 -20.9 -21.  -21. ]\n",
            " [-10.8 -14.5 -17.4 -19.2 -20.1 -20.6 -20.8 -21.  -21.  -21. ]\n",
            " [-15.9 -17.4 -18.8 -19.8 -20.4 -20.8 -20.9 -21.  -21.  -20.9]\n",
            " [-18.5 -19.2 -19.8 -20.4 -20.7 -20.8 -20.9 -20.9 -20.8 -20.8]\n",
            " [-19.8 -20.1 -20.4 -20.7 -20.8 -20.9 -20.8 -20.8 -20.6 -20.5]\n",
            " [-20.4 -20.6 -20.7 -20.8 -20.9 -20.8 -20.7 -20.4 -20.1 -19.8]\n",
            " [-20.8 -20.8 -20.9 -20.9 -20.8 -20.7 -20.4 -19.8 -19.2 -18.5]\n",
            " [-20.9 -21.  -21.  -20.9 -20.7 -20.4 -19.8 -18.8 -17.4 -15.9]\n",
            " [-21.  -21.  -21.  -20.8 -20.6 -20.1 -19.2 -17.4 -14.5 -10.8]\n",
            " [-21.  -21.  -20.9 -20.8 -20.4 -19.8 -18.5 -15.9 -10.8   0. ]]\n",
            "----- Value Iteration after step  21 -------------------\n",
            "[[  0.  -11.1 -16.6 -19.3 -20.7 -21.4 -21.7 -21.9 -22.  -22. ]\n",
            " [-11.1 -15.1 -18.1 -20.  -21.  -21.6 -21.8 -21.9 -22.  -22. ]\n",
            " [-16.6 -18.1 -19.6 -20.7 -21.4 -21.7 -21.9 -22.  -21.9 -21.9]\n",
            " [-19.3 -20.  -20.7 -21.2 -21.6 -21.8 -21.8 -21.9 -21.8 -21.7]\n",
            " [-20.7 -21.  -21.3 -21.6 -21.8 -21.8 -21.8 -21.7 -21.5 -21.4]\n",
            " [-21.4 -21.5 -21.7 -21.8 -21.8 -21.8 -21.6 -21.3 -21.  -20.7]\n",
            " [-21.7 -21.8 -21.8 -21.8 -21.8 -21.6 -21.2 -20.7 -20.  -19.3]\n",
            " [-21.9 -21.9 -22.  -21.8 -21.7 -21.3 -20.7 -19.6 -18.1 -16.6]\n",
            " [-22.  -22.  -21.9 -21.8 -21.5 -21.  -20.  -18.1 -15.1 -11.1]\n",
            " [-22.  -22.  -21.9 -21.7 -21.4 -20.7 -19.3 -16.6 -11.1   0. ]]\n",
            "----- Value Iteration after step  22 -------------------\n",
            "[[  0.  -11.6 -17.2 -20.1 -21.6 -22.3 -22.7 -22.9 -23.  -23. ]\n",
            " [-11.6 -15.6 -18.8 -20.8 -21.9 -22.5 -22.8 -22.9 -23.  -23. ]\n",
            " [-17.2 -18.8 -20.4 -21.6 -22.2 -22.7 -22.8 -22.9 -22.9 -22.9]\n",
            " [-20.1 -20.8 -21.5 -22.2 -22.6 -22.7 -22.8 -22.8 -22.8 -22.7]\n",
            " [-21.6 -21.9 -22.2 -22.5 -22.7 -22.8 -22.7 -22.6 -22.5 -22.3]\n",
            " [-22.3 -22.5 -22.6 -22.7 -22.8 -22.7 -22.5 -22.2 -21.9 -21.6]\n",
            " [-22.7 -22.7 -22.8 -22.8 -22.7 -22.5 -22.2 -21.5 -20.8 -20.1]\n",
            " [-22.9 -22.9 -22.8 -22.8 -22.6 -22.2 -21.5 -20.4 -18.8 -17.2]\n",
            " [-23.  -23.  -22.9 -22.7 -22.5 -21.9 -20.8 -18.8 -15.6 -11.6]\n",
            " [-23.  -23.  -22.9 -22.7 -22.3 -21.6 -20.1 -17.2 -11.6   0. ]]\n",
            "----- Value Iteration after step  23 -------------------\n",
            "[[  0.  -11.9 -17.8 -20.9 -22.4 -23.3 -23.7 -23.9 -24.  -24. ]\n",
            " [-11.9 -16.2 -19.5 -21.6 -22.8 -23.4 -23.7 -23.9 -24.  -24. ]\n",
            " [-17.8 -19.5 -21.2 -22.4 -23.2 -23.6 -23.8 -23.8 -23.9 -23.9]\n",
            " [-20.9 -21.6 -22.4 -23.  -23.4 -23.7 -23.8 -23.8 -23.7 -23.7]\n",
            " [-22.4 -22.8 -23.1 -23.4 -23.7 -23.7 -23.7 -23.6 -23.4 -23.3]\n",
            " [-23.3 -23.4 -23.6 -23.7 -23.7 -23.6 -23.4 -23.1 -22.8 -22.4]\n",
            " [-23.6 -23.7 -23.7 -23.8 -23.7 -23.4 -23.  -22.4 -21.6 -20.9]\n",
            " [-23.9 -23.8 -23.8 -23.7 -23.6 -23.1 -22.4 -21.2 -19.5 -17.8]\n",
            " [-24.  -24.  -23.8 -23.7 -23.4 -22.8 -21.6 -19.5 -16.2 -11.9]\n",
            " [-24.  -24.  -23.9 -23.6 -23.3 -22.4 -20.9 -17.8 -11.9   0. ]]\n",
            "----- Value Iteration after step  24 -------------------\n",
            "[[  0.  -12.3 -18.4 -21.6 -23.3 -24.2 -24.6 -24.9 -25.  -25. ]\n",
            " [-12.3 -16.7 -20.2 -22.4 -23.7 -24.4 -24.7 -24.8 -25.  -25. ]\n",
            " [-18.4 -20.2 -22.  -23.2 -24.  -24.5 -24.7 -24.8 -24.8 -24.9]\n",
            " [-21.6 -22.4 -23.2 -23.9 -24.4 -24.6 -24.8 -24.7 -24.7 -24.6]\n",
            " [-23.3 -23.6 -24.  -24.4 -24.6 -24.7 -24.6 -24.5 -24.4 -24.2]\n",
            " [-24.1 -24.4 -24.5 -24.6 -24.7 -24.5 -24.4 -24.1 -23.6 -23.3]\n",
            " [-24.6 -24.6 -24.7 -24.7 -24.6 -24.4 -23.9 -23.2 -22.4 -21.6]\n",
            " [-24.8 -24.8 -24.8 -24.7 -24.5 -24.  -23.2 -22.  -20.2 -18.4]\n",
            " [-25.  -24.9 -24.8 -24.6 -24.3 -23.6 -22.4 -20.2 -16.7 -12.3]\n",
            " [-25.  -25.  -24.8 -24.6 -24.1 -23.3 -21.6 -18.4 -12.3   0. ]]\n"
          ],
          "name": "stdout"
        }
      ]
    },
    {
      "cell_type": "code",
      "metadata": {
        "id": "F0rI3AIZsEFs",
        "colab_type": "code",
        "colab": {
          "base_uri": "https://localhost:8080/",
          "height": 204
        },
        "outputId": "49b8bd00-7eb8-4007-ec13-3e0331732cf6"
      },
      "source": [
        "print(showGreedyAction(B.v))"
      ],
      "execution_count": 15,
      "outputs": [
        {
          "output_type": "stream",
          "text": [
            "<U1\n",
            "[['↓' '←' '←' '←' '←' '←' '←' '←' '←' '←']\n",
            " ['↑' '←' '←' '←' '←' '←' '←' '←' '←' '↓']\n",
            " ['↑' '↑' '←' '←' '←' '←' '←' '←' '↓' '↓']\n",
            " ['↑' '↑' '↑' '←' '←' '←' '←' '↓' '↓' '↓']\n",
            " ['↑' '↑' '↑' '↑' '←' '↓' '↓' '↓' '↓' '↓']\n",
            " ['↑' '↑' '↑' '↑' '→' '↓' '↓' '↓' '↓' '↓']\n",
            " ['↑' '↑' '↑' '↑' '→' '→' '↓' '↓' '↓' '↓']\n",
            " ['↑' '↑' '↑' '→' '→' '→' '→' '↓' '↓' '↓']\n",
            " ['↑' '↑' '→' '→' '→' '→' '→' '→' '↓' '↓']\n",
            " ['↑' '→' '→' '→' '→' '→' '→' '→' '→' '←']]\n"
